1150.000000 0.00011337
1150.552246 0.000125292
1151.000000 0.000136034
1151.723877 0.000154488
1152.000000 0.000161935
1152.895508 0.000187508
1153.000000 0.000190478
1154.000000 0.000220349
1154.067017 0.000222445
1155.000000 0.00024975
1155.238647 0.000257054
1156.000000 0.000278439
1156.410278 0.000290416
1157.000000 0.000306558
1157.581787 0.00032302
1158.000000 0.000334432
1158.753418 0.000355579
1159.000000 0.000362472
1159.925049 0.000388982
1160.000000 0.000391234
1161.000000 0.000421246
1161.096680 0.000424203
1162.000000 0.000452772
1162.268188 0.000461411
1163.000000 0.000485481
1163.439819 0.000500187
1164.000000 0.000519094
1164.611450 0.000540018
1165.000000 0.000553293
1165.782959 0.000580293
1166.000000 0.000587732
1166.954590 0.000620675
1167.000000 0.000622233
1168.000000 0.000656586
1168.126221 0.000660922
1169.000000 0.000690741
1169.297729 0.000700887
1170.000000 0.000725088
1170.469360 0.00074056
1171.000000 0.000758427
1171.640991 0.000779986
1172.000000 0.000792008
1172.812622 0.000819153
1173.000000 0.000825391
1173.984131 0.000858137
1174.000000 0.000858664
1175.000000 0.000891791
1175.155762 0.000896954
1176.000000 0.000924875
1176.327393 0.000935724
1177.000000 0.000957982
1177.498901 0.000974552
1178.000000 0.000991189
1178.670532 0.00101356
1179.000000 0.00102456
1179.842163 0.00105283
1180.000000 0.00105847
1181.000000 0.00109203
1181.013672 0.0010925
1182.000000 0.00112629
1182.185303 0.00113271
1183.000000 0.00116106
1183.356934 0.00117364
1184.000000 0.00119644
1184.528564 0.00121541
1185.000000 0.00123244
1185.700073 0.001258
1186.000000 0.00126902
1186.871704 0.00130127
1187.000000 0.00130603
1188.000000 0.00134329
1188.043335 0.0013449
1189.000000 0.00138053
1189.214844 0.00138853
1190.000000 0.00141877
1190.386475 0.00143182
1191.000000 0.00145421
1191.558105 0.00147444
1192.000000 0.00149022
1192.729614 0.001516
1193.000000 0.00152538
1193.901245 0.00155609
1194.000000 0.00155937
1195.000000 0.00159196
1195.072876 0.00159428
1196.000000 0.00162308
1196.244507 0.00163043
1197.000000 0.00165276
1197.416016 0.0016646
1198.000000 0.00168105
1198.587646 0.00169689
1199.000000 0.00170797
1199.759277 0.00172734
1200.000000 0.00173367
1200.930786 0.00175044
1201.000000 0.00175172
1202.000000 0.00176848
1202.102417 0.00177002
1203.000000 0.00178396
1203.274048 0.00178772
1204.000000 0.00179809
1204.445557 0.00180371
1205.000000 0.00181099
1205.617188 0.0018181
1206.000000 0.00182269
1206.788818 0.00183087
1207.000000 0.00183315
1207.960449 0.00184193
1208.000000 0.00184231
1209.000000 0.00185032
1209.131958 0.0018512
1210.000000 0.0018571
1210.303589 0.0018588
1211.000000 0.0018627
1211.475220 0.00186473
1212.000000 0.00186704
1212.646729 0.00186909
1213.000000 0.00187023
1213.818359 0.00187082
1214.000000 0.00187094
1214.989990 0.00187451
1215.000000 0.00187455
1216.000000 0.00187714
1216.161499 0.0018774
1217.000000 0.00187868
1217.333130 0.00187886
1218.000000 0.00187913
1218.504761 0.00187892
1219.000000 0.00187861
1219.676392 0.00187767
1220.000000 0.00187724
1220.847900 0.00187516
1221.000000 0.00187476
1222.000000 0.00187142
1222.019531 0.00187135
1223.000000 0.00186714
1223.191162 0.0018662
1224.000000 0.00186192
1224.362671 0.00185976
1225.000000 0.00185572
1225.534302 0.00185202
1226.000000 0.0018486
1226.705933 0.001843
1227.000000 0.00184054
1227.877441 0.0018327
1228.000000 0.00183155
1229.000000 0.00182163
1229.049072 0.00182112
1230.000000 0.00181094
1230.220703 0.00180827
1231.000000 0.00179903
1231.392334 0.00179421
1232.000000 0.00178642
1232.563843 0.00177897
1233.000000 0.00177296
1233.735474 0.00176259
1234.000000 0.0017587
1234.907104 0.00174511
1235.000000 0.00174366
1236.000000 0.00172783
1236.078613 0.00172657
1237.000000 0.00171125
1237.250244 0.00170705
1238.000000 0.00169399
1238.421875 0.0016866
1239.000000 0.00167611
1239.593384 0.00166529
1240.000000 0.00165787
1240.765015 0.00164317
1241.000000 0.00163858
1241.936646 0.00162034
1242.000000 0.00161906
1243.000000 0.00159905
1243.108154 0.0015969
1244.000000 0.00157861
1244.279785 0.00157292
1245.000000 0.00155781
1245.451416 0.00154847
1246.000000 0.00153676
1246.623047 0.00152366
1247.000000 0.0015155
1247.794556 0.00149857
1248.000000 0.00149407
1248.966187 0.0014733
1249.000000 0.00147255
1250.000000 0.00145097
1250.137817 0.00144789
1251.000000 0.00142868
1251.309326 0.0014219
1252.000000 0.00140644
1252.480957 0.00139588
1253.000000 0.00138425
1253.652588 0.00136988
1254.000000 0.00136207
1254.824219 0.00134389
1255.000000 0.00133994
1255.995728 0.001318
1256.000000 0.0013179
1257.000000 0.00129591
1257.167358 0.0012923
1258.000000 0.00127402
1258.338989 0.00126672
1259.000000 0.00125225
1259.510498 0.00124108
1260.000000 0.00123034
1260.682129 0.00121528
1261.000000 0.00120823
1261.853760 0.00118966
1262.000000 0.00118644
1263.000000 0.00116487
1263.025269 0.00116434
1264.000000 0.0011435
1264.196899 0.00113938
1265.000000 0.00112236
1265.368530 0.00111471
1266.000000 0.00110145
1266.540039 0.00109037
1267.000000 0.00108083
1267.711670 0.00106637
1268.000000 0.00106046
1268.883301 0.00104271
1269.000000 0.00104034
1270.000000 0.00102053
1270.054932 0.00101945
1271.000000 0.00100096
1271.226440 0.000996624
1272.000000 0.000981686
1272.398071 0.000974163
1273.000000 0.000962703
1273.569702 0.000952104
1274.000000 0.000944043
1274.741211 0.000930448
1275.000000 0.000925671
1275.912842 0.000909179
1276.000000 0.000907595
1277.000000 0.000889841
1277.084473 0.000888374
1278.000000 0.000872383
1278.256104 0.000868007
1279.000000 0.000855228
1279.427612 0.000848047
1280.000000 0.000838429
1280.599243 0.000828511
1281.000000 0.000821877
1281.770874 0.000809391
1282.000000 0.000805665
1282.942383 0.000790675
1283.000000 0.000789756
1284.000000 0.000774169
1284.114014 0.000772431
1285.000000 0.000758882
1285.285645 0.000754609
1286.000000 0.000743893
1286.457153 0.000737193
1287.000000 0.000729216
1287.628784 0.000720191
1288.000000 0.00071485
1288.800415 0.000703589
1289.000000 0.000700774
1289.971924 0.000687369
1290.000000 0.000686983
1291.000000 0.000673489
1291.143555 0.000671595
1292.000000 0.000660275
1292.315186 0.000656199
1293.000000 0.000647327
1293.486816 0.000641163
1294.000000 0.000634653
1294.658325 0.000626494
1295.000000 0.000622252
1295.829956 0.00061217
1296.000000 0.0006101
1297.000000 0.000598193
1297.001587 0.000598174
1298.000000 0.000586541
1298.173096 0.000584567
1299.000000 0.000575122
1299.344727 0.000571268
1300.000000 0.000563939
1300.516357 0.000558201
1301.000000 0.000552828
1301.687988 0.000545351
1302.000000 0.000541956
1302.859497 0.000532794
1303.000000 0.000531295
1304.000000 0.000520842
1304.031128 0.000520524
1305.000000 0.000510598
1305.202759 0.000508552
1306.000000 0.000500502
1306.374268 0.000496793
1307.000000 0.000490587
1307.545898 0.000485281
1308.000000 0.000480863
1308.717529 0.000474018
1309.000000 0.000471321
1309.889038 0.000462992
1310.000000 0.00046195
1311.000000 0.000452747
1311.060669 0.000452199
1312.000000 0.000443715
1312.232300 0.000441656
1313.000000 0.000434845
1313.403809 0.000431328
1314.000000 0.000426134
1314.575439 0.000421221
1315.000000 0.000417595
1315.747070 0.000411336
1316.000000 0.000409216
1316.918701 0.00040166
1317.000000 0.000400991
1318.000000 0.000392923
1318.090210 0.00039221
1319.000000 0.000385016
1319.261841 0.000382986
1320.000000 0.000377259
1320.433472 0.000373966
1321.000000 0.000369658
1321.604980 0.000365151
1322.000000 0.000362208
1322.776611 0.00035654
1323.000000 0.00035491
1323.948242 0.000348126
1324.000000 0.000347756
1325.000000 0.000340748
1325.119873 0.000339925
1326.000000 0.000333885
1326.291382 0.000331927
1327.000000 0.000327164
1327.463013 0.000324115
1328.000000 0.00032058
1328.634644 0.000316493
1329.000000 0.00031414
1329.806152 0.00030906
1330.000000 0.000307839
1330.977783 0.000301806
1331.000000 0.000301669
1332.000000 0.000295627
1332.149414 0.000294745
1333.000000 0.000289724
1333.320923 0.00028787
1334.000000 0.000283948
1334.492554 0.000281164
1335.000000 0.000278297
1335.664185 0.000274631
1336.000000 0.000272779
1336.835693 0.00026827
1337.000000 0.000267384
1338.000000 0.000262111
1338.007324 0.000262073
1339.000000 0.000256957
1339.178955 0.000256056
1340.000000 0.000251927
1340.350586 0.000250202
1341.000000 0.000247012
1341.522095 0.000244503
1342.000000 0.00024221
1342.693726 0.000238961
1343.000000 0.000237528
1343.865356 0.000233572
1344.000000 0.000232957
1345.000000 0.000228494
1345.036865 0.000228333
1346.000000 0.000224138
1346.208496 0.000223252
1347.000000 0.000219892
1347.380127 0.000218315
1348.000000 0.000215749
1348.551758 0.000213516
1349.000000 0.000211706
1349.723267 0.000208856
1350.000000 0.000207768
1350.894897 0.000204236
1351.000000 0.000203822
1352.000000 0.000199965
1352.066406 0.000199714
1353.000000 0.000196204
1353.238037 0.000195331
1354.000000 0.000192543
1354.409668 0.000191078
1355.000000 0.000188975
1355.581299 0.00018695
1356.000000 0.000185497
1356.752808 0.000182948
1357.000000 0.000182113
1357.924438 0.000179065
1358.000000 0.000178817
1359.000000 0.000175605
1359.096069 0.000175303
1360.000000 0.000172478
1360.267578 0.000171661
1361.000000 0.000169435
1361.439209 0.00016813
1362.000000 0.00016647
1362.610840 0.000164703
1363.000000 0.000163582
1363.782471 0.000161383
1364.000000 0.000160774
1364.953979 0.000158163
1365.000000 0.000158038
1366.000000 0.000155373
1366.125610 0.000155046
1367.000000 0.000152779
1367.297241 0.000152027
1368.000000 0.000150255
1368.468750 0.000149099
1369.000000 0.000147795
1369.640381 0.000146259
1370.000000 0.0001454
1370.812012 0.000143505
1371.000000 0.000143069
1371.983643 0.000140835
1372.000000 0.000140798
1373.000000 0.000138585
1373.155151 0.000138249
1374.000000 0.00013643
1374.326782 0.000135742
1375.000000 0.000134331
1375.498291 0.000133308
1376.000000 0.000132284
1376.669922 0.000130944
1377.000000 0.000130287
1377.841553 0.000128648
1378.000000 0.000128341
1379.000000 0.000126441
1379.013184 0.000126417
1380.000000 0.000124586
1380.184692 0.00012425
1381.000000 0.000122775
1381.356323 0.000122143
1382.000000 0.000121007
1382.527954 0.000120091
1383.000000 0.000119276
1383.699463 0.000118091
1384.000000 0.000117584
1384.871094 0.000116142
1385.000000 0.000115929
1386.000000 0.000114309
1386.042725 0.00011424
1387.000000 0.00011272
1387.214355 0.000112385
1388.000000 0.000111164
1388.385864 0.000110573
1389.000000 0.000109637
1389.557495 0.0001088
1390.000000 0.000108138
1390.729126 0.000107063
1391.000000 0.000106666
1391.900635 0.000105362
1392.000000 0.000105218
1393.000000 0.000103795
1393.072266 0.000103693
1394.000000 0.000102393
1394.243896 0.000102055
1395.000000 0.000101012
1395.415405 0.000100445
1396.000000 9.96501e-05
1396.587036 9.886e-05
1397.000000 9.83063e-05
1397.758667 9.72989e-05
1398.000000 9.69797e-05
1398.930176 9.57596e-05
1399.000000 9.56684e-05
1400.000000 9.43729e-05
1400.101807 9.4245e-05
1401.000000 9.31224e-05
1401.273438 9.27837e-05
1402.000000 9.18868e-05
1402.445068 9.13426e-05
1403.000000 9.06664e-05
1403.616577 8.99217e-05
1404.000000 8.94602e-05
1404.788208 8.85201e-05
1405.000000 8.82683e-05
1405.959839 8.7138e-05
1406.000000 8.70909e-05
1407.000000 8.59272e-05
1407.131348 8.57757e-05
1408.000000 8.47772e-05
1408.302979 8.44323e-05
1409.000000 8.36413e-05
1409.474609 8.31075e-05
1410.000000 8.2519e-05
1410.646240 8.18007e-05
1411.000000 8.1409e-05
1411.817749 8.05119e-05
1412.000000 8.03125e-05
1412.989380 7.92407e-05
1413.000000 7.92292e-05
1414.000000 7.81586e-05
1414.160889 7.7988e-05
1415.000000 7.71005e-05
1415.332520 7.67522e-05
1416.000000 7.60551e-05
1416.504150 7.55334e-05
1417.000000 7.50219e-05
1417.675781 7.43314e-05
1418.000000 7.40011e-05
1418.847412 7.31459e-05
1419.000000 7.29924e-05
1420.000000 7.19964e-05
1420.018921 7.19777e-05
1421.000000 7.10123e-05
1421.190552 7.08265e-05
1422.000000 7.00402e-05
1422.362061 6.9692e-05
1423.000000 6.90806e-05
1423.533691 6.85739e-05
1424.000000 6.81327e-05
1424.705322 6.7472e-05
1425.000000 6.7197e-05
1425.876953 6.63864e-05
1426.000000 6.62731e-05
1427.000000 6.53612e-05
1427.048462 6.53174e-05
1428.000000 6.44611e-05
1428.220093 6.42649e-05
1429.000000 6.35726e-05
1429.391724 6.32284e-05
1430.000000 6.26967e-05
1430.563232 6.22079e-05
1431.000000 6.1831e-05
1431.734863 6.1203e-05
1432.000000 6.09775e-05
1432.906494 6.02139e-05
1433.000000 6.01355e-05
1434.000000 5.93051e-05
1434.078125 5.92409e-05
1435.000000 5.84859e-05
1435.249634 5.82835e-05
1436.000000 5.7678e-05
1436.421265 5.73415e-05
1437.000000 5.68816e-05
1437.592773 5.6415e-05
1438.000000 5.6096e-05
1438.764404 5.55032e-05
1439.000000 5.53214e-05
1439.936035 5.46065e-05
1440.000000 5.45581e-05
1441.000000 5.38055e-05
1441.107666 5.37253e-05
1442.000000 5.30639e-05
1442.279297 5.2859e-05
1443.000000 5.2333e-05
1443.450806 5.20082e-05
1444.000000 5.16147e-05
1444.622437 5.11751e-05
1445.000000 5.091e-05
1445.793945 5.03579e-05
1446.000000 5.02154e-05
1446.965576 4.95546e-05
1447.000000 4.95311e-05
1448.000000 4.88572e-05
1448.137207 4.87657e-05
1449.000000 4.81934e-05
1449.308838 4.79906e-05
1450.000000 4.75402e-05
1450.480347 4.723e-05
1451.000000 4.68972e-05
1451.651978 4.64838e-05
1452.000000 4.62646e-05
1452.823608 4.57507e-05
1453.000000 4.56414e-05
1453.995117 4.5031e-05
1454.000000 4.5028e-05
1455.000000 4.44245e-05
1455.166748 4.43248e-05
1456.000000 4.38303e-05
1456.338379 4.36315e-05
1457.000000 4.32453e-05
1457.510010 4.29509e-05
1458.000000 4.26699e-05
1458.681519 4.22831e-05
1459.000000 4.21035e-05
1459.853149 4.16272e-05
1460.000000 4.1546e-05
1461.000000 4.09972e-05
1461.024658 4.09838e-05
1462.000000 4.04572e-05
1462.196289 4.03523e-05
1463.000000 3.99255e-05
1463.367920 3.9732e-05
1464.000000 3.94017e-05
1464.539551 3.91228e-05
1465.000000 3.88862e-05
1465.711182 3.85243e-05
1466.000000 3.83782e-05
1466.882690 3.79361e-05
1467.000000 3.78776e-05
1468.000000 3.73845e-05
1468.054321 3.7358e-05
1469.000000 3.68987e-05
1469.225830 3.67902e-05
1470.000000 3.64205e-05
1470.397461 3.62318e-05
1471.000000 3.59479e-05
1471.569092 3.56826e-05
1472.000000 3.54825e-05
1472.740723 3.51423e-05
1473.000000 3.50237e-05
1473.912231 3.46108e-05
1474.000000 3.45712e-05
1475.000000 3.4125e-05
1475.083862 3.40879e-05
1476.000000 3.36846e-05
1476.255493 3.35734e-05
1477.000000 3.32503e-05
1477.427002 3.30669e-05
1478.000000 3.28215e-05
1478.598633 3.25681e-05
1479.000000 3.23987e-05
1479.770264 3.20767e-05
1480.000000 3.19813e-05
1480.941895 3.15926e-05
1481.000000 3.15687e-05
1482.000000 3.11615e-05
1482.113403 3.11159e-05
1483.000000 3.07596e-05
1483.285034 3.06462e-05
1484.000000 3.03624e-05
1484.456543 3.01831e-05
1485.000000 2.997e-05
1485.628174 2.97264e-05
1486.000000 2.95824e-05
1486.799805 2.92759e-05
1487.000000 2.91993e-05
1487.971436 2.88313e-05
1488.000000 2.88205e-05
1489.000000 2.84465e-05
1489.142944 2.83937e-05
1490.000000 2.80777e-05
1490.314575 2.79618e-05
1491.000000 2.77103e-05
1491.486206 2.75338e-05
1492.000000 2.73473e-05
1492.657715 2.71113e-05
1493.000000 2.69884e-05
1493.829346 2.6694e-05
1494.000000 2.66335e-05
1495.000000 2.62821e-05
1495.000977 2.62817e-05
1496.000000 2.59344e-05
1496.172607 2.5875e-05
1497.000000 2.55901e-05
1497.344116 2.54729e-05
1498.000000 2.52493e-05
1498.515747 2.50754e-05
1499.000000 2.4912e-05
1499.687378 2.46825e-05
1500.000000 2.45785e-05
1500.858887 2.43134e-05
1501.000000 2.42698e-05
1502.000000 2.39642e-05
1502.030518 2.3955e-05
1503.000000 2.36612e-05
1503.202148 2.36006e-05
1504.000000 2.3361e-05
1504.373779 2.32499e-05
1505.000000 2.30637e-05
1505.545288 2.29032e-05
1506.000000 2.27694e-05
1506.716919 2.25607e-05
1507.000000 2.24783e-05
1507.888428 2.22223e-05
1508.000000 2.21902e-05
1509.000000 2.19052e-05
1509.060059 2.18882e-05
1510.000000 2.16236e-05
1510.231689 2.15588e-05
1511.000000 2.13451e-05
1511.403320 2.12339e-05
1512.000000 2.10699e-05
1512.574829 2.09135e-05
1513.000000 2.07981e-05
1513.746460 2.05978e-05
1514.000000 2.053e-05
1514.918091 2.02869e-05
1515.000000 2.02652e-05
1516.000000 2.00039e-05
1516.089600 1.99807e-05
1517.000000 1.97464e-05
1517.261230 1.96798e-05
1518.000000 1.94924e-05
1518.432861 1.93837e-05
1519.000000 1.9242e-05
1519.604492 1.90926e-05
1520.000000 1.89956e-05
1520.776001 1.88066e-05
1521.000000 1.87524e-05
1521.947632 1.85257e-05
1522.000000 1.85133e-05
1523.000000 1.8278e-05
1523.119263 1.82502e-05
1524.000000 1.80466e-05
1524.290771 1.798e-05
1525.000000 1.78188e-05
1525.462402 1.77148e-05
1526.000000 1.75947e-05
1526.634033 1.74545e-05
1527.000000 1.73742e-05
1527.805664 1.71991e-05
1528.000000 1.71572e-05
1528.977173 1.69484e-05
1529.000000 1.69436e-05
1530.000000 1.67335e-05
1530.148804 1.67025e-05
1531.000000 1.65266e-05
1531.320312 1.6461e-05
1532.000000 1.63229e-05
1532.491943 1.62239e-05
1533.000000 1.61223e-05
1533.663574 1.5991e-05
1534.000000 1.59249e-05
1534.835205 1.57617e-05
1535.000000 1.57297e-05
1536.000000 1.55352e-05
1536.006714 1.55339e-05
1537.000000 1.53435e-05
1537.178345 1.53096e-05
1538.000000 1.51545e-05
1538.349976 1.50892e-05
1539.000000 1.49684e-05
1539.521484 1.48725e-05
1540.000000 1.4785e-05
1540.693115 1.46594e-05
1541.000000 1.46041e-05
1541.864746 1.44498e-05
1542.000000 1.44258e-05
1543.000000 1.42499e-05
1543.036377 1.42436e-05
1544.000000 1.40764e-05
1544.207886 1.40408e-05
1545.000000 1.39055e-05
1545.379517 1.38412e-05
1546.000000 1.37367e-05
1546.551147 1.36447e-05
1547.000000 1.35701e-05
1547.722656 1.34511e-05
1548.000000 1.34056e-05
1548.894287 1.32604e-05
1549.000000 1.32433e-05
1550.000000 1.3083e-05
1550.065918 1.30722e-05
1551.000000 1.29186e-05
1551.237549 1.28799e-05
1552.000000 1.27561e-05
1552.409058 1.26904e-05
1553.000000 1.25957e-05
1553.580688 1.25035e-05
1554.000000 1.24372e-05
1554.752197 1.23193e-05
1555.000000 1.22806e-05
1555.923828 1.21376e-05
1556.000000 1.21258e-05
1557.000000 1.19728e-05
1557.095459 1.19584e-05
1558.000000 1.18216e-05
1558.267090 1.17815e-05
1559.000000 1.1672e-05
1559.438599 1.16069e-05
1560.000000 1.15238e-05
1560.610229 1.14345e-05
1561.000000 1.13775e-05
1561.781860 1.12641e-05
1562.000000 1.12326e-05
1562.953369 1.10957e-05
1563.000000 1.1089e-05
1564.000000 1.0947e-05
1564.125000 1.09294e-05
1565.000000 1.08062e-05
1565.296631 1.07648e-05
1566.000000 1.06668e-05
1566.468262 1.06021e-05
1567.000000 1.05286e-05
1567.639771 1.0441e-05
1568.000000 1.03918e-05
1568.811401 1.02819e-05
1569.000000 1.02564e-05
1569.982910 1.01245e-05
1570.000000 1.01222e-05
1571.000000 9.98945e-06
1571.154541 9.96909e-06
1572.000000 9.85814e-06
1572.326172 9.81564e-06
1573.000000 9.72823e-06
1573.497803 9.66412e-06
1574.000000 9.59975e-06
1574.669434 9.51453e-06
1575.000000 9.47267e-06
1575.840942 9.36702e-06
1576.000000 9.34715e-06
1577.000000 9.22316e-06
1577.012573 9.2216e-06
1578.000000 9.10064e-06
1578.184082 9.07826e-06
1579.000000 8.97973e-06
1579.355713 8.93706e-06
1580.000000 8.86021e-06
1580.527344 8.79813e-06
1581.000000 8.7428e-06
1581.698975 8.66198e-06
1582.000000 8.62749e-06
1582.870483 8.52885e-06
1583.000000 8.51431e-06
1584.000000 8.40276e-06
1584.042114 8.39808e-06
1585.000000 8.29286e-06
1585.213745 8.26952e-06
1586.000000 8.18463e-06
1586.385254 8.14328e-06
1587.000000 8.07806e-06
1587.556885 8.01934e-06
1588.000000 7.97316e-06
1588.728516 7.89767e-06
1589.000000 7.86987e-06
1589.900146 7.77817e-06
1590.000000 7.76807e-06
1591.000000 7.66812e-06
1591.071655 7.66099e-06
1592.000000 7.56983e-06
1592.243286 7.54605e-06
1593.000000 7.47308e-06
1593.414795 7.43328e-06
1594.000000 7.37789e-06
1594.586426 7.32269e-06
1595.000000 7.28431e-06
1595.758057 7.21427e-06
1596.000000 7.19223e-06
1596.929688 7.10804e-06
1597.000000 7.10177e-06
1598.000000 7.01291e-06
1598.101318 7.00395e-06
1599.000000 6.92569e-06
1599.272827 6.90203e-06
1600.000000 6.83978e-06
1600.444458 6.80396e-06
1601.000000 6.7597e-06
1601.615967 6.7108e-06
1602.000000 6.68084e-06
1602.787598 6.61957e-06
1603.000000 6.60334e-06
1603.959229 6.53036e-06
1604.000000 6.52732e-06
1605.000000 6.45277e-06
1605.130859 6.44305e-06
1606.000000 6.37971e-06
1606.302368 6.35774e-06
1607.000000 6.30803e-06
1607.473999 6.27436e-06
1608.000000 6.23774e-06
1608.645630 6.19289e-06
1609.000000 6.16877e-06
1609.817139 6.11332e-06
1610.000000 6.10105e-06
1610.988770 6.03561e-06
1611.000000 6.03488e-06
1612.000000 5.97e-06
1612.160400 5.95961e-06
1613.000000 5.90635e-06
1613.332031 5.88535e-06
1614.000000 5.84396e-06
1614.503540 5.81277e-06
1615.000000 5.78265e-06
1615.675171 5.74176e-06
1616.000000 5.72249e-06
1616.846680 5.67237e-06
1617.000000 5.66347e-06
1618.000000 5.60549e-06
1618.018311 5.60443e-06
1619.000000 5.5487e-06
1619.189941 5.53793e-06
1620.000000 5.49273e-06
1620.361572 5.47286e-06
1621.000000 5.43815e-06
1621.533203 5.40916e-06
1622.000000 5.38429e-06
1622.704712 5.34675e-06
1623.000000 5.33133e-06
1623.876343 5.28559e-06
1624.000000 5.27926e-06
1625.000000 5.22805e-06
1625.047852 5.22561e-06
1626.000000 5.17784e-06
1626.219482 5.16682e-06
1627.000000 5.1284e-06
1627.391113 5.10915e-06
1628.000000 5.07975e-06
1628.562744 5.05253e-06
1629.000000 5.03178e-06
1629.734253 4.99693e-06
1630.000000 4.98438e-06
1630.905884 4.94234e-06
1631.000000 4.93803e-06
1632.000000 4.89225e-06
1632.077515 4.8887e-06
1633.000000 4.8471e-06
1633.249023 4.83588e-06
1634.000000 4.80253e-06
1634.420654 4.78386e-06
1635.000000 4.75849e-06
1635.592285 4.73259e-06
1636.000000 4.71498e-06
1636.763916 4.68197e-06
1637.000000 4.67187e-06
1637.935425 4.63194e-06
1638.000000 4.62921e-06
1639.000000 4.58698e-06
1639.107056 4.58246e-06
1640.000000 4.54491e-06
1640.278564 4.53343e-06
1641.000000 4.50348e-06
1641.450195 4.48482e-06
1642.000000 4.46215e-06
1642.621826 4.43655e-06
1643.000000 4.42105e-06
1643.793457 4.38857e-06
1644.000000 4.38014e-06
1644.964966 4.34082e-06
1645.000000 4.33939e-06
1646.000000 4.29879e-06
1646.136597 4.29325e-06
1647.000000 4.25825e-06
1647.308228 4.24579e-06
1648.000000 4.21778e-06
1648.479736 4.19839e-06
1649.000000 4.17734e-06
1649.651367 4.16978e-06
1650.000000 4.16548e-06
1650.822998 4.15467e-06
1651.000000 4.15227e-06
1651.994629 4.13874e-06
1652.000000 4.13867e-06
1653.000000 4.12484e-06
1653.166260 4.12254e-06
1654.000000 4.11087e-06
1654.337769 4.10611e-06
1655.000000 4.09668e-06
1655.509277 4.0894e-06
1656.000000 4.08232e-06
1656.680908 4.07249e-06
1657.000000 4.06785e-06
1657.852539 4.05535e-06
1658.000000 4.05318e-06
1659.000000 4.03838e-06
1659.024170 4.03802e-06
1660.000000 4.02332e-06
1660.195801 4.02051e-06
1661.000000 4.00844e-06
1661.367310 4.00288e-06
1662.000000 3.99328e-06
1662.538940 3.98507e-06
1663.000000 3.97803e-06
1663.710449 3.96717e-06
1664.000000 3.96274e-06
1664.882080 3.94914e-06
1665.000000 3.94733e-06
1666.000000 3.93185e-06
1666.053711 3.93102e-06
1667.000000 3.91634e-06
1667.225342 3.91284e-06
1668.000000 3.90082e-06
1668.396973 3.89463e-06
1669.000000 3.88524e-06
1669.568481 3.87635e-06
1670.000000 3.86947e-06
1670.739990 3.85807e-06
1671.000000 3.85403e-06
1671.911621 3.83981e-06
1672.000000 3.83844e-06
1673.000000 3.82281e-06
1673.083252 3.82151e-06
1674.000000 3.80718e-06
1674.254883 3.80318e-06
1675.000000 3.79154e-06
1675.426514 3.78483e-06
1676.000000 3.77583e-06
1676.598022 3.7664e-06
1677.000000 3.76007e-06
1677.769653 3.7479e-06
1678.000000 3.74426e-06
1678.941162 3.72935e-06
1679.000000 3.72842e-06
1680.000000 3.71244e-06
1680.112793 3.70815e-06
1681.000000 3.67419e-06
1681.284424 3.66332e-06
1682.000000 3.63609e-06
1682.456055 3.61877e-06
1683.000000 3.59819e-06
1683.627686 3.57449e-06
1684.000000 3.56047e-06
1684.799194 3.53047e-06
1685.000000 3.52295e-06
1685.970825 3.48668e-06
1686.000000 3.48559e-06
1687.000000 3.4484e-06
1687.142334 3.44312e-06
1688.000000 3.41138e-06
1688.313965 3.39978e-06
1689.000000 3.3745e-06
1689.485596 3.35664e-06
1690.000000 3.33764e-06
1690.657227 3.3137e-06
1691.000000 3.30116e-06
1691.828857 3.27093e-06
1692.000000 3.26469e-06
1693.000000 3.22834e-06
1693.000366 3.22833e-06
1694.000000 3.1921e-06
1694.171875 3.18589e-06
1695.000000 3.15597e-06
1695.343506 3.14359e-06
1696.000000 3.11994e-06
1696.515137 3.10142e-06
1697.000000 3.084e-06
1697.686768 3.05938e-06
1698.000000 3.04816e-06
1698.858398 3.01748e-06
1699.000000 3.01242e-06
1700.000000 2.97678e-06
1700.029907 2.97573e-06
1701.000000 2.94139e-06
1701.201538 2.93428e-06
1702.000000 2.90612e-06
1702.373047 2.893e-06
1703.000000 2.87099e-06
1703.544678 2.85191e-06
1704.000000 2.83599e-06
1704.716309 2.81102e-06
1705.000000 2.80115e-06
1705.887939 2.77035e-06
1706.000000 2.76647e-06
1707.000000 2.73195e-06
1707.059570 2.7299e-06
1708.000000 2.69762e-06
1708.231079 2.6897e-06
1709.000000 2.66346e-06
1709.402710 2.64976e-06
1710.000000 2.62943e-06
1710.574219 2.61008e-06
1711.000000 2.59574e-06
1711.745850 2.57068e-06
1712.000000 2.56218e-06
1712.917480 2.53157e-06
1713.000000 2.52883e-06
1714.000000 2.4957e-06
1714.089111 2.49276e-06
1715.000000 2.46281e-06
1715.260742 2.45427e-06
1716.000000 2.43016e-06
1716.432251 2.4161e-06
1717.000000 2.39774e-06
1717.603760 2.37828e-06
1718.000000 2.36557e-06
1718.775391 2.34079e-06
1719.000000 2.33366e-06
1719.947021 2.30366e-06
1720.000000 2.30199e-06
1721.000000 2.27181e-06
1721.118652 2.26824e-06
1722.000000 2.24189e-06
1722.290283 2.23323e-06
1723.000000 2.21222e-06
1723.461792 2.19858e-06
1724.000000 2.18281e-06
1724.633423 2.16429e-06
1725.000000 1.58192e-06
